$ 1 0.000005 26.59566520631553 50 5 43 5e-11
206 960 224 896 304 0 0.01 0.0082 100 false
g 960 304 960 320 0 0
w 960 304 1040 304 0
w 960 224 960 160 0
w 960 160 1040 160 0
w 928 288 880 288 0
r 880 288 880 336 0 10000
g 880 336 880 352 0 0
w 64 704 1168 704 0
v 1328 704 1328 160 0 1 60 170 0 0 0.5
r 880 288 880 208 0 680
t 832 192 880 192 0 -1 14.503103595183335 -0.0000014603103259958061 100 default
207 880 128 880 80 5 vcc
w 880 128 880 176 0
r 832 192 832 128 0 100000
w 832 128 880 128 0
r 832 192 736 192 0 22000
r 832 512 736 512 0 22000
w 832 448 880 448 0
r 832 512 832 448 0 100000
w 880 448 880 496 0
207 880 448 880 400 5 vcc
t 832 512 880 512 0 -1 14.50310359518334 -0.0000014603103206667356 100 default
r 880 608 880 528 0 680
g 880 656 880 672 0 0
r 880 608 880 656 0 10000
w 928 608 880 608 0
w 960 480 1040 480 0
w 960 544 960 480 0
g 960 624 960 640 0 0
206 960 544 896 624 0 0.01 0.0082 100 false
r 1168 576 1168 704 0 47
w 1168 704 1248 704 0
w 1328 160 1040 160 0
v 1248 704 1248 480 0 1 60 170 0 0 0.5
w 1248 480 1040 480 0
g 1104 576 1104 608 0 0
w 1104 576 1168 576 0
w 64 704 64 64 0
w 64 64 176 64 0
r 176 64 176 160 0 22
c 176 160 176 256 0 0.000001 -109.70321883849425 0.001
34 15v_zener 1 1.7143528192810002e-7 0 2.0000000000000084 15 1
z 176 336 176 256 2 15v_zener
g 176 336 176 368 0 0
d 176 256 272 256 2 default
c 272 256 272 336 0 0.00022 14.503105078245591 0.001
g 272 336 272 352 0 0
207 272 256 272 208 5 vcc
r 368 256 368 336 0 10000
g 368 400 368 416 0 0
162 368 336 368 400 2 default-led 1 0 0 0.01
w 368 256 272 256 2
r 112 160 112 208 0 330000
r 112 208 112 256 0 330000
w 112 160 176 160 0
w 112 256 176 256 0
w 1248 704 1328 704 0
r 1040 304 1040 160 0 22
o 51 64 0 4099 20 0.0015625 0 2 51 3
